-------------------------------------------------------------------------------------
(1,.,.) = RED 1
  0.0000  0.0000
  0.0000  0.0000
  0.0000  0.0000
  0.0000  0.0000
  0.0000  0.0000
  0.0000  0.0000
  0.0000  0.0000
  0.0000  0.0000
  0.0000  0.0000
  0.0000  0.0000
  0.0000  0.0000
  0.0000  0.0000
  0.0000  0.0000
  0.0000  0.0000
  0.0000  0.0000
  0.0000  0.0000
  0.0000  0.0000
  0.0000  0.0000
  0.0000  0.0000
  0.0000  0.0000
  0.0000  0.0000
  0.0000  0.0000
  0.0000  0.0000
  0.0000  0.0000
  0.0000  0.2510
  0.0000  1.0000
  0.0000  1.0000
  0.0000  1.0000
  0.0000  1.0000
  0.0000  1.0000

(2,.,.) = GREEN 1
  0.0000  0.0000
  0.0000  0.0000
  0.0000  0.0000
  0.0000  0.0000
  0.0000  1.0000
  0.0000  1.0000
  0.0000  1.0000
  0.0000  0.0000
  0.0000  0.0000
  0.0000  0.0000
  0.0000  0.0000
  0.0000  0.0000
  0.0000  0.0000
  0.0000  0.0000
  0.0000  0.0000
  0.0000  0.0000
  0.0000  0.0000
  0.0000  0.0000
  0.0000  0.0000
  0.0000  0.0000
  0.0000  0.0000
  0.0000  0.0000
  0.0000  0.0000
  0.0000  0.0000
  0.0000  0.0000
  0.0000  0.0000
  0.0000  0.0000
  0.0000  0.0000
  0.0000  0.0000
  0.0000  0.0000

(3,.,.) = BLUE 1
  0.0000  0.0000
  0.0000  0.0000
  0.0000  0.0000
  0.0000  0.0000
  0.0000  0.0000
  0.0000  0.0000
  0.0000  0.0000
  0.0000  0.0000
  0.0000  0.0000
  0.0000  0.0000
  0.0000  0.0000
  0.0000  0.0000
  0.0000  0.0000
  0.0000  0.0000
  0.0000  0.0000
  0.0000  0.0000
  0.0000  0.0000
  0.0000  0.0000
  0.0000  0.0000
  0.0000  0.0000
  0.0000  0.0000
  0.0000  0.0000
  0.0000  0.0000
  0.0000  0.0000
  0.0000  0.0000
  0.0000  0.0000
  0.0000  0.0000
  0.0000  0.0000
  0.0000  0.0000
  0.0000  0.0000

(4,.,.) = RED 2
  0.0000  0.0000
  0.0000  0.0000
  0.0000  0.0000
  0.0000  0.0000
  0.0000  0.0000
  0.0000  0.0000
  0.0000  0.0000
  0.0000  0.0000
  0.0000  0.0000
  0.0000  0.0000
  0.0000  0.0000
  0.0000  0.0000
  0.0000  0.0000
  0.0000  0.0000
  0.0000  0.0000
  0.0000  0.0000
  0.0000  0.0000
  0.0000  0.0000
  0.0000  0.0000
  0.0000  0.0000
  0.0000  0.0000
  0.0000  0.0000
  0.0000  0.0000
  0.0000  0.0000
  0.0000  0.2510
  0.0000  1.0000
  0.0000  1.0000
  0.0000  1.0000
  0.0000  1.0000
  0.0000  1.0000

(5,.,.) = GREEN 2
  0.0000  0.0000
  0.0000  0.0000
  0.0000  0.0000
  0.0000  0.2510
  0.0000  1.0000
  0.0000  1.0000
  0.0000  0.7490
  0.0000  0.0000
  0.0000  0.0000
  0.0000  0.0000
  0.0000  0.0000
  0.0000  0.0000
  0.0000  0.0000
  0.0000  0.0000
  0.0000  0.0000
  0.0000  0.0000
  0.0000  0.0000
  0.0000  0.0000
  0.0000  0.0000
  0.0000  0.0000
  0.0000  0.0000
  0.0000  0.0000
  0.0000  0.0000
  0.0000  0.0000
  0.0000  0.0000
  0.0000  0.0000
  0.0000  0.0000
  0.0000  0.0000
  0.0000  0.0000
  0.0000  0.0000

(6,.,.) = BLUE 2
  0.0000  0.0000
  0.0000  0.0000
  0.0000  0.0000
  0.0000  0.0000
  0.0000  0.0000
  0.0000  0.0000
  0.0000  0.0000
  0.0000  0.0000
  0.0000  0.0000
  0.0000  0.0000
  0.0000  0.0000
  0.0000  0.0000
  0.0000  0.0000
  0.0000  0.0000
  0.0000  0.0000
  0.0000  0.0000
  0.0000  0.0000
  0.0000  0.0000
  0.0000  0.0000
  0.0000  0.0000
  0.0000  0.0000
  0.0000  0.0000
  0.0000  0.0000
  0.0000  0.0000
  0.0000  0.0000
  0.0000  0.0000
  0.0000  0.0000
  0.0000  0.0000
  0.0000  0.0000
  0.0000  0.0000

(7,.,.) = RED 3
  0.0000  0.0000
  0.0000  0.0000
  0.0000  0.0000
  0.0000  0.0000
  0.0000  0.0000
  0.0000  0.0000
  0.0000  0.0000
  0.0000  0.0000
  0.0000  0.0000
  0.0000  0.0000
  0.0000  0.0000
  0.0000  0.0000
  0.0000  0.0000
  0.0000  0.0000
  0.0000  0.0000
  0.0000  0.0000
  0.0000  0.0000
  0.0000  0.0000
  0.0000  0.0000
  0.0000  0.0000
  0.0000  0.0000
  0.0000  0.0000
  0.0000  0.0000
  0.0000  0.0000
  0.0000  0.2510
  0.0000  1.0000
  0.0000  1.0000
  0.0000  1.0000
  0.0000  1.0000
  0.0000  1.0000

(8,.,.) = GREEN 3
  0.0000  0.0000
  0.0000  0.0000
  0.0000  0.0000
  0.0000  0.4980
  0.0000  1.0000
  0.0000  1.0000
  0.0000  0.4980
  0.0000  0.0000
  0.0000  0.0000
  0.0000  0.0000
  0.0000  0.0000
  0.0000  0.0000
  0.0000  0.0000
  0.0000  0.0000
  0.0000  0.0000
  0.0000  0.0000
  0.0000  0.0000
  0.0000  0.0000
  0.0000  0.0000
  0.0000  0.0000
  0.0000  0.0000
  0.0000  0.0000
  0.0000  0.0000
  0.0000  0.0000
  0.0000  0.0000
  0.0000  0.0000
  0.0000  0.0000
  0.0000  0.0000
  0.0000  0.0000
  0.0000  0.0000

(9,.,.) = BLUE 3
  0.0000  0.0000
  0.0000  0.0000
  0.0000  0.0000
  0.0000  0.0000
  0.0000  0.0000
  0.0000  0.0000
  0.0000  0.0000
  0.0000  0.0000
  0.0000  0.0000
  0.0000  0.0000
  0.0000  0.0000
  0.0000  0.0000
  0.0000  0.0000
  0.0000  0.0000
  0.0000  0.0000
  0.0000  0.0000
  0.0000  0.0000
  0.0000  0.0000
  0.0000  0.0000
  0.0000  0.0000
  0.0000  0.0000
  0.0000  0.0000
  0.0000  0.0000
  0.0000  0.0000
  0.0000  0.0000
  0.0000  0.0000
  0.0000  0.0000
  0.0000  0.0000
  0.0000  0.0000
  0.0000  0.0000

(10,.,.) = RED 4
  0.0000  0.0000
  0.0000  0.0000
  0.0000  0.0000
  0.0000  0.0000
  0.0000  0.0000
  0.0000  0.0000
  0.0000  0.0000
  0.0000  0.0000
  0.0000  0.0000
  0.0000  0.0000
  0.0000  0.0000
  0.0000  0.0000
  0.0000  0.0000
  0.0000  0.0000
  0.0000  0.0000
  0.0000  0.0000
  0.0000  0.0000
  0.0000  0.0000
  0.0000  0.0000
  0.0000  0.0000
  0.0000  0.0000
  0.0000  0.0000
  0.0000  0.0000
  0.0000  0.0000
  0.0000  0.0000
  0.0000  1.0000
  0.0000  1.0000
  0.0000  1.0000
  0.0000  1.0000
  0.0000  1.0000

(11,.,.) = GREEN 4
  0.0000  0.0000
  0.0000  0.0000
  0.0000  0.0000
  0.0000  0.4980
  0.0000  1.0000
  0.0000  1.0000
  0.0000  0.2510
  0.0000  0.0000
  0.0000  0.0000
  0.0000  0.0000
  0.0000  0.0000
  0.0000  0.0000
  0.0000  0.0000
  0.0000  0.0000
  0.0000  0.0000
  0.0000  0.0000
  0.0000  0.0000
  0.0000  0.0000
  0.0000  0.0000
  0.0000  0.0000
  0.0000  0.0000
  0.0000  0.0000
  0.0000  0.0000
  0.0000  0.0000
  0.0000  0.0000
  0.0000  0.0000
  0.0000  0.0000
  0.0000  0.0000
  0.0000  0.0000
  0.0000  0.0000

(12,.,.) = BLUE 4
  0.0000  0.0000
  0.0000  0.0000
  0.0000  0.0000
  0.0000  0.0000
  0.0000  0.0000
  0.0000  0.0000
  0.0000  0.0000
  0.0000  0.0000
  0.0000  0.0000
  0.0000  0.0000
  0.0000  0.0000
  0.0000  0.0000
  0.0000  0.0000
  0.0000  0.0000
  0.0000  0.0000
  0.0000  0.0000
  0.0000  0.0000
  0.0000  0.0000
  0.0000  0.0000
  0.0000  0.0000
  0.0000  0.0000
  0.0000  0.0000
  0.0000  0.0000
  0.0000  0.0000
  0.0000  0.0000
  0.0000  0.0000
  0.0000  0.0000
  0.0000  0.0000
  0.0000  0.0000
  0.0000  0.0000
[torch.FloatTensor of size 12x30x2]
