------------------------------------------- TEST WALL -------------------------------------------
RED
 0.0000  0.0000
 0.0000  0.0000
 0.0000  0.0000
 0.0000  0.0000
 0.0000  0.0000
 0.0000  0.0000
 0.0000  0.0000
 0.0000  0.0000
 0.0000  0.0000
 0.0000  0.0000
 0.7490  1.0000
 1.0000  1.0000
 1.0000  1.0000
 1.0000  1.0000
 1.0000  1.0000
 1.0000  1.0000
 1.0000  1.0000
 1.0000  1.0000
 1.0000  1.0000
 0.2510  1.0000
 0.0000  1.0000
 0.0000  1.0000
 0.0000  1.0000
 0.0000  1.0000
 0.0000  1.0000
 0.0000  1.0000
 0.0000  1.0000
 0.0000  1.0000
 0.0000  1.0000
 0.0000  1.0000
[torch.FloatTensor of size 30x2]
RANGE
 4.0000  4.0000
 4.0000  4.0000
 4.0000  4.0000
 4.0000  4.0000
 4.0000  4.0000
 4.0000  4.0000
 4.0000  4.0000
 4.0000  4.0000
 4.0000  4.0000
 4.0000  4.0000
 4.0000  4.0000
 3.9726  3.7724
 3.5803  3.4330
 3.2671  3.1579
 3.0120  2.9312
 2.8013  2.7422
 2.6251  2.5829
 2.4763  2.4477
 2.3498  2.3323
 2.2782  2.2332
 4.0000  2.1481
 4.0000  2.0749
 4.0000  2.0120
 4.0000  1.9582
 4.0000  1.9125
 4.0000  1.8741
 4.0000  1.8423
 4.0000  1.8167
 4.0000  1.7967
 4.0000  1.7822
[torch.FloatTensor of size 30x2]

-------------------------------------------------------------------TEST FOOD ------------------------------------------
GREEN
 0.0000  0.0000
 0.0000  0.0000
 0.0000  0.0000
 0.0000  0.0000
 0.0000  0.0000
 0.0000  0.0000
 0.0000  0.0000
 0.0000  0.0000
 0.0000  0.0000
 0.0000  0.0000
 0.0000  0.0000
 0.0000  0.0000
 0.0000  0.0000
 0.0000  0.4980
 0.2510  0.7490
 1.0000  0.0000
 1.0000  0.0000
 0.2510  0.0000
 0.0000  0.0000
 0.0000  0.0000
 0.0000  0.0000
 0.0000  0.0000
 0.0000  0.0000
 0.0000  0.0000
 0.0000  0.0000
 0.0000  0.0000
 0.0000  0.0000
 0.0000  0.0000
 0.0000  0.0000
 0.0000  0.0000
[torch.FloatTensor of size 30x2]
RANGE
 4.0000  4.0000
 4.0000  4.0000
 4.0000  4.0000
 4.0000  4.0000
 4.0000  4.0000
 4.0000  4.0000
 4.0000  4.0000
 4.0000  4.0000
 4.0000  4.0000
 4.0000  4.0000
 4.0000  4.0000
 4.0000  4.0000
 4.0000  4.0000
 4.0000  2.0187
 4.0000  1.9980
 1.2331  4.0000
 1.2259  4.0000
 1.2221  4.0000
 4.0000  4.0000
 4.0000  4.0000
 4.0000  4.0000
 4.0000  4.0000
 4.0000  4.0000
 4.0000  4.0000
 4.0000  4.0000
 4.0000  4.0000
 4.0000  4.0000
 4.0000  4.0000
 4.0000  4.0000
 4.0000  4.0000
[torch.FloatTensor of size 30x2]

